15 15 1577737214
21 17 1577737214
37 18 1577737214
49 19 1577737214
112 20 1577737214
129 23 1577737214
132 24 1577737214
142 25 1577737214
15 15.0448 1577737244
21 17.1583 1577737244
37 18.0671 1577737244
49 19.1705 1577737244
112 19.8815 1577737244
129 23.1576 1577737244
132 23.9472 1577737244
142 25.2394 1577737244
15 15.0144 1577737274
21 17.0944 1577737274
37 18.3158 1577737274
49 19.1488 1577737274
112 19.8165 1577737274
129 23.0991 1577737274
132 23.7481 1577737274
142 25.324 1577737274
15 15.1968 1577737304
21 16.8963 1577737304
37 18.2908 1577737304
49 19.3595 1577737304
112 19.5799 1577737304
129 22.9807 1577737304
132 23.9558 1577737304
142 25.1427 1577737304
15 15.2294 1577737334
21 16.6701 1577737334
37 18.5213 1577737334
49 19.4496 1577737334
112 19.5793 1577737334
129 23.1043 1577737334
132 23.8696 1577737334
142 25.0024 1577737334
15 15.0861 1577737364
21 16.7486 1577737364
37 18.4052 1577737364
49 19.6309 1577737364
112 19.3756 1577737364
129 22.904 1577737364
132 24.078 1577737364
142 24.9796 1577737364
15 15.2822 1577737394
21 16.9163 1577737394
37 18.5799 1577737394
49 19.8336 1577737394
112 19.5242 1577737394
129 22.8102 1577737394
132 24.157 1577737394
142 24.8096 1577737394
15 15.3507 1577737424
21 16.7019 1577737424
37 18.6339 1577737424
49 19.7529 1577737424
112 19.3152 1577737424
129 22.8831 1577737424
132 24.0807 1577737424
142 24.6788 1577737424
15 15.1819 1577737454
21 16.7787 1577737454
37 18.4042 1577737454
49 19.8458 1577737454
112 19.1105 1577737454
129 22.9814 1577737454
132 24.1326 1577737454
142 24.8092 1577737454
15 15.375 1577737484
21 16.8562 1577737484
37 18.3206 1577737484
49 19.6605 1577737484
112 19.1403 1577737484
129 23.2205 1577737484
132 24.2635 1577737484
142 24.6742 1577737484
15 15.5157 1577737514
21 16.8128 1577737514
37 18.1289 1577737514
49 19.8336 1577737514
112 19.2879 1577737514
129 22.9877 1577737514
132 24.5084 1577737514
142 24.5762 1577737514
15 15.4745 1577737544
21 16.8239 1577737544
37 18.1807 1577737544
49 19.9249 1577737544
112 19.5184 1577737544
129 23.1978 1577737544
132 24.3242 1577737544
142 24.6637 1577737544
15 15.6288 1577737574
21 17.0368 1577737574
37 18.1384 1577737574
49 19.7505 1577737574
112 19.6374 1577737574
129 23.185 1577737574
132 24.1225 1577737574
142 24.7904 1577737574
15 15.53 1577737604
21 17.0753 1577737604
37 18.2552 1577737604
49 19.782 1577737604
112 19.4607 1577737604
129 23.0321 1577737604
132 23.9249 1577737604
142 24.9273 1577737604
15 15.6953 1577737634
21 16.9518 1577737634
37 18.1529 1577737634
49 19.7742 1577737634
112 19.6844 1577737634
129 23.1151 1577737634
132 24.0405 1577737634
142 25.1548 1577737634
15 15.5782 1577737664
21 16.9768 1577737664
37 18.0959 1577737664
49 19.8226 1577737664
112 19.7236 1577737664
129 23.0935 1577737664
132 24.034 1577737664
142 25.0979 1577737664
15 15.5887 1577737694
21 17.1186 1577737694
37 17.9436 1577737694
49 19.8122 1577737694
112 19.4845 1577737694
129 22.8858 1577737694
132 24.096 1577737694
142 25.0368 1577737694
15 15.4789 1577737724
21 17.1177 1577737724
37 18.1087 1577737724
49 19.9552 1577737724
112 19.4094 1577737724
129 22.7288 1577737724
132 24.3271 1577737724
142 24.848 1577737724
15 15.6974 1577737754
21 17.1533 1577737754
37 18.2708 1577737754
49 20.1018 1577737754
112 19.6319 1577737754
129 22.6233 1577737754
132 24.4724 1577737754
142 24.9214 1577737754
15 15.6429 1577737784
21 17.1169 1577737784
37 18.1241 1577737784
49 20.0036 1577737784
112 19.6634 1577737784
129 22.6973 1577737784
132 24.3842 1577737784
142 24.7682 1577737784
15 15.8196 1577737814
21 17.2271 1577737814
37 17.9029 1577737814
49 19.9866 1577737814
112 19.6428 1577737814
129 22.6791 1577737814
132 24.5143 1577737814
142 24.7049 1577737814
15 15.9173 1577737844
21 17.4514 1577737844
37 17.661 1577737844
49 19.8056 1577737844
112 19.7869 1577737844
129 22.6352 1577737844
132 24.6307 1577737844
142 24.7838 1577737844
15 16.0096 1577737874
21 17.6275 1577737874
37 17.6006 1577737874
49 19.583 1577737874
112 19.7154 1577737874
129 22.8045 1577737874
132 24.786 1577737874
142 24.5506 1577737874
15 16.0885 1577737904
21 17.4417 1577737904
37 17.4917 1577737904
49 19.4342 1577737904
112 19.7632 1577737904
129 22.6243 1577737904
132 24.9253 1577737904
142 24.7688 1577737904
15 16.2363 1577737934
21 17.6618 1577737934
37 17.7129 1577737934
49 19.4267 1577737934
112 19.6699 1577737934
129 22.794 1577737934
132 24.9768 1577737934
142 24.9705 1577737934
15 16.0764 1577737964
21 17.8823 1577737964
37 17.5118 1577737964
49 19.6656 1577737964
112 19.6179 1577737964
129 22.8522 1577737964
132 24.9032 1577737964
142 25.0849 1577737964
15 15.9529 1577737994
21 17.6554 1577737994
37 17.558 1577737994
49 19.8214 1577737994
112 19.4221 1577737994
129 22.6316 1577737994
132 25.0871 1577737994
142 24.9854 1577737994
15 15.7571 1577738024
21 17.8983 1577738024
37 17.5651 1577738024
49 19.5717 1577738024
112 19.2123 1577738024
129 22.5091 1577738024
132 25.1448 1577738024
142 25.089 1577738024
15 15.6655 1577738054
21 18.0213 1577738054
37 17.5261 1577738054
49 19.4867 1577738054
112 19.1453 1577738054
129 22.4621 1577738054
132 24.9086 1577738054
142 25.1592 1577738054
15 15.4635 1577738084
21 17.96 1577738084
37 17.7631 1577738084
49 19.6216 1577738084
112 18.9931 1577738084
129 22.4799 1577738084
132 24.9408 1577738084
142 25.2195 1577738084
15 15.3244 1577738114
21 17.8474 1577738114
37 17.8629 1577738114
49 19.7355 1577738114
112 18.8258 1577738114
129 22.2407 1577738114
132 25.1454 1577738114
142 24.996 1577738114
15 15.0775 1577738144
21 18.0832 1577738144
37 17.9902 1577738144
49 19.9256 1577738144
112 18.8987 1577738144
129 22.0465 1577738144
132 25.3882 1577738144
142 25.087 1577738144
15 14.8547 1577738174
21 18.1751 1577738174
37 17.8641 1577738174
49 19.7857 1577738174
112 18.7186 1577738174
129 22.204 1577738174
132 25.6047 1577738174
142 25.125 1577738174
15 14.7407 1577738204
21 18.0916 1577738204
37 17.6725 1577738204
49 19.7641 1577738204
112 18.5459 1577738204
129 22.2286 1577738204
132 25.7527 1577738204
142 25.0623 1577738204
15 14.8749 1577738234
21 18.1102 1577738234
37 17.727 1577738234
49 19.9443 1577738234
112 18.7593 1577738234
129 22.3359 1577738234
132 25.7173 1577738234
142 24.8967 1577738234
15 15.0734 1577738264
21 17.9153 1577738264
37 17.5403 1577738264
49 19.7947 1577738264
112 18.9997 1577738264
129 22.5495 1577738264
132 25.4947 1577738264
142 24.6716 1577738264
15 15.1472 1577738294
21 18.1349 1577738294
37 17.5762 1577738294
49 19.7764 1577738294
112 18.7912 1577738294
129 22.7913 1577738294
132 25.7308 1577738294
142 24.4479 1577738294
15 14.9049 1577738324
21 18.2455 1577738324
37 17.5024 1577738324
49 19.835 1577738324
112 18.8524 1577738324
129 22.9249 1577738324
132 25.5601 1577738324
142 24.6738 1577738324
15 15.0353 1577738354
21 18.4571 1577738354
37 17.7029 1577738354
49 20.0053 1577738354
112 19.0147 1577738354
129 22.7728 1577738354
132 25.7505 1577738354
142 24.491 1577738354
15 14.8816 1577738384
21 18.4663 1577738384
37 17.8989 1577738384
49 19.874 1577738384
112 19.0143 1577738384
129 22.5316 1577738384
132 25.9964 1577738384
142 24.5112 1577738384
15 14.7383 1577738414
21 18.4611 1577738414
37 17.8207 1577738414
49 19.7638 1577738414
112 18.8692 1577738414
129 22.6414 1577738414
132 25.8831 1577738414
142 24.5195 1577738414
15 14.9336 1577738444
21 18.6286 1577738444
37 17.7927 1577738444
49 19.9673 1577738444
112 19.0447 1577738444
129 22.4234 1577738444
132 25.6594 1577738444
142 24.3938 1577738444
15 14.8057 1577738474
21 18.7926 1577738474
37 17.6676 1577738474
49 19.9507 1577738474
112 19.1083 1577738474
129 22.5791 1577738474
132 25.5743 1577738474
142 24.316 1577738474
15 14.9413 1577738504
21 18.8309 1577738504
37 17.6035 1577738504
49 19.9262 1577738504
112 19.0283 1577738504
129 22.8232 1577738504
132 25.7347 1577738504
142 24.0898 1577738504
15 14.926 1577738534
21 18.8348 1577738534
37 17.546 1577738534
49 19.8202 1577738534
112 19.1267 1577738534
129 22.9033 1577738534
132 25.8086 1577738534
142 24.0888 1577738534
15 15.0601 1577738564
21 18.7197 1577738564
37 17.7834 1577738564
49 19.7137 1577738564
112 18.925 1577738564
129 22.9282 1577738564
132 26.0039 1577738564
142 24.0659 1577738564
15 15.2221 1577738594
21 18.8059 1577738594
37 17.9195 1577738594
49 19.5666 1577738594
112 19.153 1577738594
129 23.1706 1577738594
132 26.1759 1577738594
142 24.2559 1577738594
15 15.0213 1577738624
21 18.9184 1577738624
37 17.8783 1577738624
49 19.7157 1577738624
112 19.0011 1577738624
129 23.2269 1577738624
132 26.2439 1577738624
142 24.4318 1577738624
15 14.7716 1577738654
21 18.9296 1577738654
37 17.9474 1577738654
49 19.5399 1577738654
112 19.2196 1577738654
129 22.9926 1577738654
132 26.388 1577738654
142 24.3356 1577738654
15 14.843 1577738684
21 19.0415 1577738684
37 17.7129 1577738684
49 19.5584 1577738684
112 19.3716 1577738684
129 23.2355 1577738684
132 26.3528 1577738684
142 24.2169 1577738684
