15 15 1575673704
21 17 1575673704
37 18 1575673704
49 19 1575673704
112 20 1575673704
129 23 1575673704
132 24 1575673704
142 25 1575673704
15 14.9088 1575673734
21 16.9239 1575673734
37 18.1657 1575673734
49 18.7543 1575673734
112 20.1415 1575673734
129 22.9512 1575673734
132 23.8039 1575673734
142 24.8681 1575673734
15 15.1096 1575673764
21 16.7958 1575673764
37 18.2687 1575673764
49 18.8965 1575673764
112 20.3796 1575673764
129 23.1616 1575673764
132 23.5846 1575673764
142 24.9626 1575673764
15 15.1131 1575673794
21 16.5768 1575673794
37 18.0871 1575673794
49 18.9565 1575673794
112 20.2659 1575673794
129 23.0413 1575673794
132 23.7664 1575673794
142 24.912 1575673794
15 15.0461 1575673824
21 16.3524 1575673824
37 17.9331 1575673824
49 19.1634 1575673824
112 20.0839 1575673824
129 23.2508 1575673824
132 23.8607 1575673824
142 25.1613 1575673824
15 14.8524 1575673854
21 16.3602 1575673854
37 17.7466 1575673854
49 18.9696 1575673854
112 19.9642 1575673854
129 23.3079 1575673854
132 24.0032 1575673854
142 25.0871 1575673854
15 15.0342 1575673884
21 16.4484 1575673884
37 17.8077 1575673884
49 18.8611 1575673884
112 19.7635 1575673884
129 23.1109 1575673884
132 23.9041 1575673884
142 25.2505 1575673884
15 15.2334 1575673914
21 16.267 1575673914
37 17.6733 1575673914
49 18.7885 1575673914
112 19.5409 1575673914
129 23.021 1575673914
132 24.0191 1575673914
142 25.406 1575673914
15 14.9976 1575673944
21 16.4786 1575673944
37 17.8321 1575673944
49 19.0245 1575673944
112 19.5743 1575673944
129 23.0185 1575673944
132 23.9787 1575673944
142 25.4035 1575673944
15 15.1279 1575673974
21 16.627 1575673974
37 17.7893 1575673974
49 19.0802 1575673974
112 19.532 1575673974
129 22.937 1575673974
132 23.9711 1575673974
142 25.5733 1575673974
15 15.2732 1575674004
21 16.6592 1575674004
37 17.6638 1575674004
49 19.2662 1575674004
112 19.5782 1575674004
129 22.7954 1575674004
132 23.9432 1575674004
142 25.5743 1575674004
15 15.1155 1575674034
21 16.6073 1575674034
37 17.7329 1575674034
49 19.3176 1575674034
112 19.8179 1575674034
129 22.657 1575674034
132 23.7289 1575674034
142 25.5338 1575674034
15 15.2989 1575674064
21 16.7321 1575674064
37 17.5272 1575674064
49 19.4939 1575674064
112 20.0162 1575674064
129 22.6662 1575674064
132 23.6317 1575674064
142 25.63 1575674064
15 15.375 1575674094
21 16.6591 1575674094
37 17.3816 1575674094
49 19.4717 1575674094
112 19.925 1575674094
129 22.8101 1575674094
132 23.6363 1575674094
142 25.5798 1575674094
15 15.1921 1575674124
21 16.837 1575674124
37 17.6187 1575674124
49 19.4424 1575674124
112 19.7546 1575674124
129 22.9348 1575674124
132 23.4012 1575674124
142 25.8079 1575674124
15 15.0337 1575674154
21 16.6576 1575674154
37 17.6088 1575674154
49 19.3663 1575674154
112 19.8096 1575674154
129 22.9974 1575674154
132 23.5488 1575674154
142 25.9108 1575674154
15 15.128 1575674184
21 16.4394 1575674184
37 17.6434 1575674184
49 19.594 1575674184
112 20.0034 1575674184
129 22.8406 1575674184
132 23.6167 1575674184
142 25.8966 1575674184
15 15.0917 1575674214
21 16.3306 1575674214
37 17.6961 1575674214
49 19.8045 1575674214
112 19.8411 1575674214
129 22.8422 1575674214
132 23.4294 1575674214
142 26.1092 1575674214
15 15.1635 1575674244
21 16.1779 1575674244
37 17.5725 1575674244
49 19.6916 1575674244
112 19.9576 1575674244
129 22.9878 1575674244
132 23.6789 1575674244
142 26.2274 1575674244
15 15.4077 1575674274
21 16.1665 1575674274
37 17.4755 1575674274
49 19.8306 1575674274
112 19.8824 1575674274
129 23.1524 1575674274
132 23.7414 1575674274
142 26.3081 1575674274
15 15.6389 1575674304
21 16.2156 1575674304
37 17.4834 1575674304
49 19.9302 1575674304
112 19.8134 1575674304
129 23.0288 1575674304
132 23.7808 1575674304
142 26.507 1575674304
15 15.8424 1575674334
21 16.3444 1575674334
37 17.6625 1575674334
49 19.9929 1575674334
112 19.7856 1575674334
129 23.1115 1575674334
132 23.5848 1575674334
142 26.3966 1575674334
15 16.0328 1575674364
21 16.1527 1575674364
37 17.8636 1575674364
49 20.0364 1575674364
112 19.6612 1575674364
129 23.3152 1575674364
132 23.4109 1575674364
142 26.2133 1575674364
15 16.0192 1575674394
21 16.3212 1575674394
37 17.9916 1575674394
49 20.2284 1575674394
112 19.8007 1575674394
129 23.0739 1575674394
132 23.479 1575674394
142 26.4232 1575674394
15 16.1282 1575674424
21 16.2819 1575674424
37 18.0278 1575674424
49 20.3303 1575674424
112 19.558 1575674424
129 23.0177 1575674424
132 23.7048 1575674424
142 26.2151 1575674424
15 16.2761 1575674454
21 16.0636 1575674454
37 18.1571 1575674454
49 20.4957 1575674454
112 19.3186 1575674454
129 22.9512 1575674454
132 23.9021 1575674454
142 26.4237 1575674454
15 16.09 1575674484
21 15.938 1575674484
37 18.3182 1575674484
49 20.4868 1575674484
112 19.1344 1575674484
129 22.7493 1575674484
132 24.0759 1575674484
142 26.4718 1575674484
15 16.2463 1575674514
21 16.0059 1575674514
37 18.2073 1575674514
49 20.531 1575674514
112 19.0475 1575674514
129 22.8365 1575674514
132 24.1539 1575674514
142 26.7178 1575674514
15 16.0411 1575674544
21 15.9187 1575674544
37 18.0278 1575674544
49 20.5988 1575674544
112 18.8885 1575674544
129 23.0127 1575674544
132 24.1413 1575674544
142 26.6068 1575674544
15 16.1166 1575674574
21 16.167 1575674574
37 17.9357 1575674574
49 20.6138 1575674574
112 18.6458 1575674574
129 22.9221 1575674574
132 24.3176 1575674574
142 26.7846 1575674574
15 15.9624 1575674604
21 15.9242 1575674604
37 18.0051 1575674604
49 20.7678 1575674604
112 18.8752 1575674604
129 22.8269 1575674604
132 24.2878 1575674604
142 26.8429 1575674604
15 15.9775 1575674634
21 15.9512 1575674634
37 17.9547 1575674634
49 20.9751 1575674634
112 19.0101 1575674634
129 22.9288 1575674634
132 24.0499 1575674634
142 26.6419 1575674634
15 15.73 1575674664
21 16.1867 1575674664
37 18.168 1575674664
49 20.8304 1575674664
112 18.794 1575674664
129 23.1743 1575674664
132 23.8083 1575674664
142 26.7276 1575674664
15 15.7915 1575674694
21 16.0133 1575674694
37 18.0365 1575674694
49 20.9902 1575674694
112 18.846 1575674694
129 23.1733 1575674694
132 23.6393 1575674694
142 26.7239 1575674694
15 15.8427 1575674724
21 15.9332 1575674724
37 18.1755 1575674724
49 20.9556 1575674724
112 19.0337 1575674724
129 22.9436 1575674724
132 23.8673 1575674724
142 26.767 1575674724
15 15.8701 1575674754
21 16.1575 1575674754
37 17.9447 1575674754
49 21.0497 1575674754
112 18.8199 1575674754
129 23.0607 1575674754
132 23.7273 1575674754
142 26.5651 1575674754
15 15.8792 1575674784
21 16.0488 1575674784
37 17.7748 1575674784
49 21.2288 1575674784
112 19.0327 1575674784
129 22.8299 1575674784
132 23.64 1575674784
142 26.531 1575674784
15 15.8618 1575674814
21 16.0948 1575674814
37 17.8795 1575674814
49 21.0067 1575674814
112 19.0209 1575674814
129 22.6994 1575674814
132 23.7948 1575674814
142 26.6664 1575674814
15 15.9645 1575674844
21 16.2779 1575674844
37 17.86 1575674844
49 20.9653 1575674844
112 18.8611 1575674844
129 22.6877 1575674844
132 23.7976 1575674844
142 26.4808 1575674844
15 16.1182 1575674874
21 16.4754 1575674874
37 17.8007 1575674874
49 20.8523 1575674874
112 18.6348 1575674874
129 22.4967 1575674874
132 23.973 1575674874
142 26.2355 1575674874
15 16.0113 1575674904
21 16.5263 1575674904
37 18.0487 1575674904
49 20.8757 1575674904
112 18.7353 1575674904
129 22.6187 1575674904
132 24.0971 1575674904
142 26.2138 1575674904
15 15.9182 1575674934
21 16.4646 1575674934
37 18.2893 1575674934
49 20.7746 1575674934
112 18.6578 1575674934
129 22.501 1575674934
132 23.9456 1575674934
142 26.0598 1575674934
15 15.7425 1575674964
21 16.2975 1575674964
37 18.1037 1575674964
49 20.8368 1575674964
112 18.726 1575674964
129 22.6105 1575674964
132 24.1639 1575674964
142 26.0107 1575674964
15 15.8924 1575674994
21 16.2254 1575674994
37 18.2521 1575674994
49 21.0118 1575674994
112 18.6552 1575674994
129 22.4211 1575674994
132 24.1659 1575674994
142 26.0863 1575674994
15 15.9882 1575675024
21 16.0208 1575675024
37 18.2943 1575675024
49 20.895 1575675024
112 18.7179 1575675024
129 22.3277 1575675024
132 24.1368 1575675024
142 26.0113 1575675024
15 16.1058 1575675054
21 16.02 1575675054
37 18.1673 1575675054
49 20.9126 1575675054
112 18.4947 1575675054
129 22.1571 1575675054
132 24.318 1575675054
142 25.8503 1575675054
15 15.9882 1575675084
21 16.0003 1575675084
37 18.3123 1575675084
49 20.7647 1575675084
112 18.7357 1575675084
129 22.1925 1575675084
132 24.1801 1575675084
142 26.0372 1575675084
15 16.1163 1575675114
21 16.2403 1575675114
37 18.2168 1575675114
49 20.8711 1575675114
112 18.6598 1575675114
129 22.3445 1575675114
132 24.4114 1575675114
142 26.21 1575675114
15 15.9211 1575675144
21 16.4366 1575675144
37 18.1278 1575675144
49 20.9583 1575675144
112 18.5463 1575675144
129 22.1765 1575675144
132 24.4454 1575675144
142 26.0217 1575675144
15 15.9439 1575675174
21 16.5241 1575675174
37 18.0405 1575675174
49 20.8087 1575675174
112 18.6754 1575675174
129 22.317 1575675174
132 24.6025 1575675174
142 25.9111 1575675174
15 16.1174 1575675204
21 16.4476 1575675204
37 18.1884 1575675204
49 20.8153 1575675204
112 18.5018 1575675204
129 22.2611 1575675204
132 24.4023 1575675204
142 25.697 1575675204
15 16.2448 1575675234
21 16.2125 1575675234
37 17.9979 1575675234
49 20.6266 1575675234
112 18.3525 1575675234
129 22.0582 1575675234
132 24.2944 1575675234
142 25.8218 1575675234
15 16.4036 1575675264
21 16.2339 1575675264
37 18.1357 1575675264
49 20.5766 1575675264
112 18.3876 1575675264
129 21.8084 1575675264
132 24.5342 1575675264
142 25.6305 1575675264
15 16.6024 1575675294
21 16.2501 1575675294
37 18.2127 1575675294
49 20.5606 1575675294
112 18.4852 1575675294
129 21.6197 1575675294
132 24.7743 1575675294
142 25.7448 1575675294
15 16.7626 1575675324
21 16.0108 1575675324
37 18.2328 1575675324
49 20.7789 1575675324
112 18.5886 1575675324
129 21.6198 1575675324
132 24.7325 1575675324
142 25.8962 1575675324
15 16.7055 1575675354
21 16.2299 1575675354
37 18.3217 1575675354
49 20.6186 1575675354
112 18.8089 1575675354
129 21.645 1575675354
132 24.6039 1575675354
142 26.0304 1575675354
15 16.482 1575675384
21 16.0484 1575675384
37 18.4636 1575675384
49 20.6232 1575675384
112 18.6911 1575675384
129 21.7463 1575675384
132 24.8005 1575675384
142 26.1038 1575675384
15 16.3012 1575675414
21 16.129 1575675414
37 18.2459 1575675414
49 20.7904 1575675414
112 18.455 1575675414
129 21.5478 1575675414
132 24.6848 1575675414
142 26.279 1575675414
15 16.2043 1575675444
21 16.1357 1575675444
37 18.289 1575675444
49 20.6 1575675444
112 18.6853 1575675444
129 21.6454 1575675444
132 24.8127 1575675444
142 26.2033 1575675444
15 16.1712 1575675474
21 16.3822 1575675474
37 18.443 1575675474
49 20.4688 1575675474
112 18.8108 1575675474
129 21.5539 1575675474
132 24.8799 1575675474
142 26.2394 1575675474
15 16.2762 1575675504
21 16.5077 1575675504
37 18.3093 1575675504
49 20.5334 1575675504
112 18.7357 1575675504
129 21.5709 1575675504
132 24.6559 1575675504
142 26.4235 1575675504
15 16.4947 1575675534
21 16.2853 1575675534
37 18.4969 1575675534
49 20.5285 1575675534
112 18.6237 1575675534
129 21.7254 1575675534
132 24.7763 1575675534
142 26.5766 1575675534
15 16.5362 1575675564
21 16.2447 1575675564
37 18.6055 1575675564
49 20.3333 1575675564
112 18.5384 1575675564
129 21.6108 1575675564
132 24.9118 1575675564
142 26.3923 1575675564
15 16.3231 1575675594
21 16.3208 1575675594
37 18.5451 1575675594
49 20.2598 1575675594
112 18.3585 1575675594
129 21.7472 1575675594
132 25.1343 1575675594
142 26.4961 1575675594
15 16.167 1575675624
21 16.3788 1575675624
37 18.2995 1575675624
49 20.127 1575675624
112 18.5825 1575675624
129 21.5783 1575675624
132 25.3218 1575675624
142 26.4315 1575675624
15 16.0065 1575675654
21 16.3422 1575675654
37 18.4365 1575675654
49 20.3622 1575675654
112 18.7481 1575675654
129 21.6655 1575675654
132 25.2726 1575675654
142 26.2806 1575675654
15 15.9768 1575675684
21 16.4125 1575675684
37 18.3944 1575675684
49 20.5679 1575675684
112 18.6857 1575675684
129 21.4929 1575675684
132 25.4063 1575675684
142 26.2068 1575675684
15 15.7731 1575675714
21 16.6556 1575675714
37 18.1603 1575675714
49 20.4516 1575675714
112 18.6498 1575675714
129 21.4265 1575675714
132 25.598 1575675714
142 26.1117 1575675714
15 15.9618 1575675744
21 16.6791 1575675744
37 18.224 1575675744
49 20.4974 1575675744
112 18.4744 1575675744
129 21.6763 1575675744
132 25.3957 1575675744
142 26.3564 1575675744
15 15.7788 1575675774
21 16.8803 1575675774
37 17.9783 1575675774
49 20.5445 1575675774
112 18.2477 1575675774
129 21.477 1575675774
132 25.1949 1575675774
142 26.1129 1575675774
15 15.7429 1575675804
21 16.9457 1575675804
37 17.8616 1575675804
49 20.7684 1575675804
112 18.0293 1575675804
129 21.5211 1575675804
132 24.9569 1575675804
142 25.9154 1575675804
15 15.8054 1575675834
21 17.071 1575675834
37 17.8383 1575675834
49 20.7312 1575675834
112 17.8145 1575675834
129 21.3462 1575675834
132 24.8447 1575675834
142 25.87 1575675834
15 15.9536 1575675864
21 16.8832 1575675864
37 17.606 1575675864
49 20.9138 1575675864
112 17.718 1575675864
129 21.2757 1575675864
132 24.7885 1575675864
142 25.7896 1575675864
15 15.8989 1575675894
21 16.9313 1575675894
37 17.5428 1575675894
49 20.7582 1575675894
112 17.6762 1575675894
129 21.0374 1575675894
132 24.5568 1575675894
142 25.7488 1575675894
15 15.8986 1575675924
21 17.0002 1575675924
37 17.6852 1575675924
49 20.9748 1575675924
112 17.7875 1575675924
129 21.2259 1575675924
132 24.4819 1575675924
142 25.7283 1575675924
15 16.1049 1575675954
21 17.0436 1575675954
37 17.7875 1575675954
49 20.9903 1575675954
112 17.6937 1575675954
129 21.2231 1575675954
132 24.6439 1575675954
142 25.6473 1575675954
15 16.2882 1575675984
21 16.8593 1575675984
37 17.5833 1575675984
49 21.1816 1575675984
112 17.5898 1575675984
129 21.4353 1575675984
132 24.6348 1575675984
142 25.6849 1575675984
15 16.0687 1575676014
21 16.8912 1575676014
37 17.5836 1575676014
49 21.2305 1575676014
112 17.5061 1575676014
129 21.64 1575676014
132 24.5879 1575676014
142 25.8869 1575676014
15 16.0931 1575676044
21 16.8695 1575676044
37 17.42 1575676044
49 21.3089 1575676044
112 17.3647 1575676044
129 21.7453 1575676044
132 24.5299 1575676044
142 25.6455 1575676044
15 16.1335 1575676074
21 17.0452 1575676074
37 17.218 1575676074
49 21.1257 1575676074
112 17.4528 1575676074
129 21.7483 1575676074
132 24.3938 1575676074
142 25.7619 1575676074
15 16.0521 1575676104
21 17.1671 1575676104
37 17.0791 1575676104
49 20.906 1575676104
112 17.3048 1575676104
129 21.5184 1575676104
132 24.2778 1575676104
142 25.9485 1575676104
15 16.1804 1575676134
21 17.2338 1575676134
37 17.3029 1575676134
49 20.8937 1575676134
112 17.5177 1575676134
129 21.6229 1575676134
132 24.3397 1575676134
142 25.8343 1575676134
15 16.103 1575676164
21 17.0756 1575676164
37 17.3026 1575676164
49 20.7321 1575676164
112 17.6781 1575676164
129 21.6452 1575676164
132 24.1522 1575676164
142 25.8071 1575676164
15 16.3208 1575676194
21 17.1138 1575676194
37 17.1107 1575676194
49 20.8587 1575676194
112 17.8178 1575676194
129 21.7101 1575676194
132 23.9871 1575676194
142 25.8757 1575676194
15 16.4967 1575676224
21 17.3506 1575676224
37 17.2368 1575676224
49 21.1045 1575676224
112 17.5856 1575676224
129 21.6181 1575676224
132 23.9299 1575676224
142 25.6916 1575676224
15 16.6619 1575676254
21 17.4086 1575676254
37 17.2816 1575676254
49 21.287 1575676254
112 17.5791 1575676254
129 21.4882 1575676254
132 24.0228 1575676254
142 25.9281 1575676254
15 16.5911 1575676284
21 17.3968 1575676284
37 17.4354 1575676284
49 21.4984 1575676284
112 17.4797 1575676284
129 21.5142 1575676284
132 23.8774 1575676284
142 25.9157 1575676284
15 16.731 1575676314
21 17.1744 1575676314
37 17.6408 1575676314
49 21.2688 1575676314
112 17.7229 1575676314
129 21.736 1575676314
132 23.9592 1575676314
142 25.7656 1575676314
15 16.811 1575676344
21 17.3583 1575676344
37 17.5964 1575676344
49 21.113 1575676344
112 17.8729 1575676344
129 21.5096 1575676344
132 24.1116 1575676344
142 25.716 1575676344
15 16.7573 1575676374
21 17.3066 1575676374
37 17.7519 1575676374
49 20.8953 1575676374
112 18.109 1575676374
129 21.5181 1575676374
132 23.9299 1575676374
142 25.613 1575676374
15 16.9977 1575676404
21 17.4636 1575676404
37 17.825 1575676404
49 20.7504 1575676404
112 18.2145 1575676404
129 21.5882 1575676404
132 23.8897 1575676404
142 25.8024 1575676404
15 16.8723 1575676434
21 17.4937 1575676434
37 17.9809 1575676434
49 20.7356 1575676434
112 18.1593 1575676434
129 21.6607 1575676434
132 23.772 1575676434
142 25.787 1575676434
15 16.8598 1575676464
21 17.7236 1575676464
37 17.9897 1575676464
49 20.7316 1575676464
112 18.2153 1575676464
129 21.8875 1575676464
132 23.9694 1575676464
142 25.8017 1575676464
15 16.9054 1575676494
21 17.6743 1575676494
37 18.2383 1575676494
49 20.6191 1575676494
112 18.0095 1575676494
129 21.8974 1575676494
132 23.7936 1575676494
142 25.9959 1575676494
15 16.9775 1575676524
21 17.5569 1575676524
37 18.2526 1575676524
49 20.7012 1575676524
112 17.9514 1575676524
129 21.6644 1575676524
132 24.0112 1575676524
142 26.2042 1575676524
15 16.811 1575676554
21 17.651 1575676554
37 18.2112 1575676554
49 20.4864 1575676554
112 18.0147 1575676554
129 21.5291 1575676554
132 24.0846 1575676554
142 26.3495 1575676554
15 16.7974 1575676584
21 17.6388 1575676584
37 18.1294 1575676584
49 20.5551 1575676584
112 17.8768 1575676584
129 21.6452 1575676584
132 24.0739 1575676584
142 26.3682 1575676584
15 16.881 1575676614
21 17.8616 1575676614
37 18.2932 1575676614
49 20.5727 1575676614
112 17.8583 1575676614
129 21.8483 1575676614
132 23.932 1575676614
142 26.1967 1575676614
15 16.7958 1575676644
21 17.7407 1575676644
37 18.4512 1575676644
49 20.3493 1575676644
112 17.9282 1575676644
129 22.0609 1575676644
132 24.0921 1575676644
142 26.326 1575676644
15 16.7558 1575676674
21 17.9076 1575676674
37 18.5625 1575676674
49 20.4431 1575676674
112 17.6907 1575676674
129 22.2408 1575676674
132 23.8617 1575676674
142 26.224 1575676674
